estimating the workload which takes just one milli-second...
end estimation
0	1	0
0	2	0
0	3	0
0	4	0
0	6	0
0	7	0
0	8	0
0	17	0
0	18	0
0	19	1
0	21	1
0	22	1
0	23	1
0	32	1
0	33	1
0	35	1
0	36	1
0	37	1
0	38	1
0	39	2
0	45	2
0	46	2
0	47	2
0	48	2
0	49	2
0	50	2
0	52	2
0	61	2
0	62	2
0	63	3
0	64	3
0	65	3
0	67	3
0	68	3
0	77	3
0	78	3
0	79	3
0	80	3
0	82	3
0	83	4
0	84	4
0	93	4
0	94	4
0	95	4
0	97	4
0	98	4
0	99	4
0	100	4
0	109	4
0	111	5
0	112	5
0	113	5
0	114	5
0	115	5
0	124	5
0	126	5
0	127	5
0	128	5
0	129	5
0	130	6
0	131	6
0	145	6
0	146	6
0	147	6
0	148	6
0	149	6
0	150	6
0	152	6
0	161	6
0	162	7
0	163	7
0	164	7
0	165	7
0	167	7
0	168	7
0	177	7
0	178	7
0	180	7
0	181	7
0	182	8
0	183	8
0	192	8
0	194	8
0	195	8
0	196	8
0	197	8
0	198	8
0	199	8
0	209	8
0	210	9
0	211	9
0	212	9
0	214	9
0	215	9
0	216	9
0	225	9
0	226	9
0	227	9
0	229	9
0	230	10
0	231	10
0	232	10
0	241	10
0	242	10
0	244	10
0	245	10
0	246	10
0	247	10
0	256	10
0	257	11
0	259	11
0	260	11
0	261	11
0	262	11
0	263	11
0	273	11
0	274	11
0	275	11
0	276	11
0	277	12
0	278	12
0	280	12
0	289	12
0	290	12
0	291	12
0	292	12
0	294	12
0	295	12
0	296	12
0	305	13
0	306	13
0	307	13
0	309	13
0	310	13
0	311	13
0	312	13
0	321	13
0	322	13
0	324	13
0	325	14
0	326	14
0	327	14
0	336	14
0	337	14
0	339	14
0	340	14
0	341	14
0	342	14
0	343	14
0	352	15
0	354	15
0	355	15
0	356	15
0	357	15
0	358	15
0	359	15
0	369	15
0	370	15
0	371	15
0	372	16
0	373	16
0	374	16
0	376	16
0	385	16
0	386	16
0	387	16
0	388	16
0	389	16
0	391	16
0	392	17
0	401	17
0	402	17
0	403	17
0	404	17
0	406	17
0	407	17
0	408	17
0	417	17
0	418	17
0	419	18
0	421	18
0	422	18
0	423	18
0	424	18
0	433	18
0	434	18
0	436	18
0	437	18
0	438	18
0	439	19
0	449	19
0	450	19
0	451	19
0	452	19
0	454	19
0	455	19
0	456	19
0	465	19
0	466	19
0	468	20
0	469	20
0	470	20
0	471	20
0	480	20
0	482	20
0	483	20
0	484	20
0	485	20
0	486	20
0	488	21
0	489	21
0	490	21
0	491	21
0	500	21
0	501	21
0	503	21
0	504	21
0	505	21
0	506	21
0	507	22
0	516	22
0	518	22
0	519	22
0	520	22
0	521	22
0	523	22
0	524	22
0	533	22
0	534	22
0	535	23
0	536	23
0	538	23
0	539	23
0	540	23
0	550	23
0	551	23
0	552	23
0	561	23
0	562	23
0	564	24
0	565	24
0	566	24
0	567	24
0	576	24
0	578	24
0	579	24
0	580	24
0	581	24
0	582	24
0	583	25
0	593	25
0	594	25
0	595	25
0	596	25
0	597	25
0	598	25
0	600	25
0	609	25
0	610	25
0	611	26
0	612	26
0	613	26
0	615	26
0	616	26
0	625	26
0	626	26
0	627	26
0	629	26
0	630	26
0	631	27
0	632	27
0	641	27
0	643	27
0	644	27
0	645	27
0	646	27
0	647	27
0	648	27
0	650	27
0	651	28
0	652	28
0	661	28
0	662	28
0	663	28
0	665	28
0	666	28
0	667	28
0	668	28
0	677	28
0	678	29
0	680	29
0	681	29
0	682	29
0	683	29
0	692	29
0	693	29
0	695	29
0	696	29
0	697	29
0	698	30
0	699	30
0	709	30
0	710	30
0	711	30
0	712	30
0	713	30
0	714	30
0	715	30
0	725	30
0	726	31
0	727	31
0	728	31
0	729	31
0	731	31
0	732	31
0	741	31
0	742	31
0	743	31
0	744	31
0	746	32
0	747	32
0	748	32
0	757	32
0	758	32
0	759	32
0	761	32
0	762	32
0	763	32
0	764	32
0	773	33
0	774	33
0	776	33
0	777	33
0	778	33
0	779	33
0	788	33
0	790	33
0	791	33
0	792	33
0	793	34
0	794	34
0	795	34
0	805	34
0	806	34
0	807	34
0	808	34
0	809	34
0	810	34
0	812	34
0	821	35
0	822	35
0	823	35
0	824	35
0	825	35
0	827	35
0	828	35
0	837	35
0	838	35
0	839	35
0	841	36
0	842	36
0	843	36
0	844	36
0	853	36
0	855	36
0	856	36
0	857	36
0	858	36
0	859	36
0	869	37
0	870	37
0	871	37
0	872	37
0	873	37
0	874	37
0	876	37
0	885	37
0	886	37
0	887	37
0	889	38
0	890	38
0	891	38
0	892	38
0	901	38
0	903	38
0	904	38
0	905	38
0	906	38
0	908	38
0	917	39
0	918	39
0	919	39
0	920	39
0	922	39
0	923	39
0	924	39
0	933	39
0	934	39
0	936	39
0	937	40
0	938	40
0	939	40
0	948	40
0	950	40
0	951	40
0	952	40
0	953	40
0	954	40
0	955	40
0	965	41
0	966	41
0	967	41
0	976	41
0	978	41
0	979	41
0	980	41
0	981	41
0	982	41
0	983	41
0	993	42
0	994	42
0	995	42
0	996	42
0	997	42
0	999	42
0	1000	42
0	1009	42
0	1010	42
0	1011	42
0	1012	43
0	1014	43
0	1015	43
0	1016	43
0	1025	43
0	1026	43
0	1027	43
0	1029	43
0	1030	43
0	1031	43
0	1032	44
0	1041	44
0	1042	44
0	1044	44
0	1045	44
0	1046	44
0	1047	44
0	1056	44
0	1058	44
0	1059	44
0	1060	45
0	1062	45
0	1063	45
0	1064	45
0	1073	45
0	1074	45
0	1076	45
0	1077	45
0	1078	45
0	1079	45
0	1088	46
0	1090	46
0	1091	46
0	1092	46
0	1093	46
0	1094	46
0	1096	46
0	1105	46
0	1106	46
0	1107	46
0	1109	47
0	1110	47
0	1111	47
0	1120	47
0	1122	47
0	1123	47
0	1124	47
0	1125	47
0	1126	47
0	1128	47
0	1137	48
0	1140	48
0	1142	48
0	1143	48
0	1144	48
0	1153	48
0	1154	48
0	1156	48
0	1157	48
0	1158	48
0	1159	49
0	1161	49
0	1162	49
0	1163	49
0	1164	49
0	1173	49
0	1175	49
0	1176	49
0	1177	49
0	1178	49
0	1180	50
0	1189	50
0	1190	50
0	1191	50
0	1193	50
0	1194	50
0	1195	50
0	1204	50
0	1206	50
0	1207	50
0	1208	51
0	1209	51
0	1210	51
0	1212	51
0	1221	51
0	1222	51
0	1223	51
0	1224	51
0	1225	51
0	1227	51
0	1228	52
0	1237	52
0	1238	52
0	1240	52
0	1241	52
0	1242	52
0	1243	52
0	1252	52
0	1253	52
0	1255	52
0	1256	53
0	1257	53
0	1258	53
0	1259	53
0	1269	53
0	1270	53
0	1271	53
0	1272	53
0	1273	53
0	1275	53
0	1276	54
0	1285	54
0	1286	54
0	1287	54
0	1288	54
0	1290	54
0	1291	54
0	1292	54
0	1301	54
0	1302	54
0	1304	55
0	1305	55
0	1306	55
0	1307	55
0	1316	55
0	1318	55
0	1319	55
0	1320	55
0	1321	55
0	1323	55
0	1324	56
0	1333	56
0	1334	56
0	1335	56
0	1336	56
0	1338	56
0	1339	56
0	1340	56
0	1349	56
0	1351	56
0	1352	57
0	1353	57
0	1354	57
0	1355	57
0	1364	57
0	1366	57
0	1367	57
0	1368	57
0	1369	57
0	1370	57
0	1372	58
0	1381	58
0	1382	58
0	1383	58
0	1384	58
0	1386	58
0	1387	58
0	1388	58
0	1397	58
0	1398	58
0	1399	59
0	1401	59
0	1402	59
0	1403	59
0	1412	59
0	1413	59
0	1415	59
0	1416	59
0	1417	59
0	1418	59
0	1420	60
0	1429	60
0	1430	60
0	1431	60
0	1432	60
0	1434	60
0	1435	60
0	1436	60
0	1445	60
0	1447	60
0	1448	61
0	1449	61
0	1450	61
0	1452	61
0	1461	61
0	1462	61
0	1463	61
0	1464	61
0	1466	61
0	1467	61
0	1468	62
0	1477	62
0	1478	62
0	1480	62
0	1481	62
0	1482	62
0	1483	62
0	1492	62
0	1494	62
0	1495	62
0	1496	63
0	1497	63
0	1498	63
0	1499	63
0	1509	63
0	1510	63
0	1511	63
0	1513	63
0	1514	63
0	1515	63
0	1516	64
0	1525	64
0	1526	64
0	1528	64
0	1529	64
0	1530	64
0	1531	64
0	1541	64
0	1542	64
0	1543	64
0	1544	65
0	1545	65
0	1547	65
0	1548	65
0	1557	65
0	1558	65
0	1560	65
0	1561	65
0	1562	65
0	1563	65
0	1573	66
0	1574	66
0	1575	66
0	1576	66
0	1577	66
0	1579	66
0	1580	66
0	1589	66
0	1590	66
0	1591	66
0	1593	67
0	1594	67
0	1595	67
0	1604	67
0	1605	67
0	1607	67
0	1608	67
0	1609	67
0	1610	67
0	1611	67
0	1621	68
0	1622	68
0	1623	68
0	1624	68
0	1625	68
0	1626	68
0	1628	68
0	1637	68
0	1638	68
0	1639	68
0	1640	69
0	1652	69
0	1653	69
0	1654	69
0	1655	69
0	1657	69
0	1658	69
0	1659	69
0	1668	69
0	1670	69
0	1671	70
0	1672	70
0	1673	70
0	1674	70
0	1676	70
0	1685	70
0	1686	70
0	1687	70
0	1688	70
0	1690	70
0	1691	71
0	1692	71
0	1701	71
0	1703	71
0	1704	71
0	1706	71
0	1707	71
0	1708	71
0	1718	71
0	1719	71
0	1720	72
0	1721	72
0	1722	72
0	1723	72
0	1733	72
0	1734	72
0	1735	72
0	1736	72
0	1737	72
0	1739	72
0	1740	73
0	1749	73
0	1751	73
0	1752	73
0	1753	73
0	1755	73
0	1765	73
0	1766	73
0	1767	73
0	1768	73
0	1769	74
0	1771	74
0	1772	74
0	1781	74
0	1783	74
0	1784	74
0	1785	74
0	1786	74
0	1788	74
0	1797	74
0	1798	75
0	1799	75
0	1801	75
0	1802	75
0	1803	75
0	1813	75
0	1814	75
0	1815	75
0	1816	75
0	1818	75
0	1819	76
0	1820	76
0	1829	76
0	1831	76
0	1832	76
0	1833	76
0	1834	76
0	1835	76
0	1842	76
0	1843	76
0	1844	77
0	1846	77
0	1847	77
0	1848	77
0	1857	77
0	1859	77
0	1860	77
0	1861	77
0	1863	77
0	1864	77
0	1873	78
0	1874	78
0	1875	78
0	1877	78
0	1878	78
0	1879	78
0	1888	78
0	1890	78
0	1891	78
0	1892	78
0	1893	79
0	1894	79
0	1896	79
0	1905	79
0	1906	79
0	1907	79
0	1909	79
0	1910	79
0	1911	79
0	1920	79
0	1921	80
0	1923	80
0	1924	80
0	1925	80
0	1926	80
0	1927	80
0	1936	80
0	1938	80
0	1939	80
0	1940	80
0	1941	81
0	1942	81
0	1943	81
0	1953	81
0	1954	81
0	1955	81
0	1956	81
0	1958	81
0	1959	81
0	1960	81
0	1970	82
0	1971	82
0	1972	82
0	1973	82
0	1974	82
0	1976	82
0	1985	82
0	1986	82
0	1987	82
0	1989	82
0	1990	83
0	1991	83
0	2000	83
0	2001	83
0	2003	83
0	2004	83
0	2005	83
0	2006	83
0	2007	83
0	2017	83
0	2018	84
0	2019	84
0	2020	84
0	2021	84
0	2022	84
0	2024	84
0	2033	84
0	2034	84
0	2035	84
0	2036	84
0	2038	85
0	2039	85
0	2040	85
0	2047	85
0	2048	85
0	2050	85
0	2051	85
0	2052	85
0	2053	85
0	2054	85
0	2055	86
0	2065	86
0	2066	86
0	2067	86
0	2068	86
0	2069	86
0	2070	86
0	2072	86
0	2081	86
0	2082	86
0	2083	87
0	2092	87
0	2094	87
0	2095	87
0	2096	87
0	2097	87
0	2098	87
0	2099	87
0	2109	87
0	2110	87
0	2111	88
0	2112	88
0	2113	88
0	2115	88
0	2116	88
0	2125	88
0	2126	88
0	2127	88
0	2128	88
0	2130	88
0	2131	89
0	2132	89
0	2141	89
0	2142	89
0	2144	89
0	2145	89
0	2146	89
0	2147	89
0	2156	89
0	2157	89
0	2159	90
0	2160	90
0	2161	90
0	2162	90
0	2163	90
0	2173	90
0	2174	90
0	2175	90
0	2176	90
0	2177	90
0	2178	91
0	2180	91
0	2189	91
0	2190	91
0	2191	91
0	2192	91
0	2194	91
0	2195	91
0	2196	91
0	2205	91
0	2206	92
0	2207	92
0	2209	92
0	2210	92
0	2211	92
0	2212	92
0	2221	92
0	2223	92
0	2224	92
0	2225	92
0	2226	93
0	2227	93
0	2236	93
0	2238	93
0	2239	93
0	2240	93
0	2241	93
0	2242	93
0	2243	93
0	2253	93
0	2254	94
0	2255	94
0	2256	94
0	2257	94
0	2258	94
0	2260	94
0	2269	94
0	2270	94
0	2271	94
0	2272	94
0	2273	95
0	2275	95
0	2276	95
0	2285	95
0	2286	95
0	2287	95
0	2289	95
0	2290	95
0	2291	95
0	2292	95
0	2301	96
0	2302	96
0	2304	96
0	2305	96
0	2306	96
0	2307	96
0	2316	96
0	2317	96
0	2319	96
0	2320	96
0	2321	97
0	2322	97
0	2323	97
0	2332	97
0	2334	97
0	2335	97
0	2336	97
0	2337	97
0	2338	97
0	2339	97
0	2349	98
0	2350	98
0	2351	98
0	2352	98
0	2353	98
0	2355	98
0	2356	98
0	2365	98
0	2366	98
0	2367	98
0	2368	99
0	2370	99
0	2371	99
0	2372	99
0	2381	99
0	2382	99
0	2384	99
0	2385	99
0	2386	99
0	2387	99
0	2397	100
2	9	0
2	11	0
2	12	0
2	13	0
2	14	0
2	15	0
2	25	0
2	26	0
2	27	0
2	28	1
2	29	1
2	30	1
2	32	1
2	41	1
2	42	1
2	43	1
2	44	1
2	46	1
2	47	1
2	48	2
2	57	2
2	58	2
2	59	2
2	61	2
2	62	2
2	63	2
2	64	2
2	73	2
2	74	2
2	76	3
2	77	3
2	78	3
2	79	3
2	88	3
2	90	3
2	91	3
2	92	3
2	93	3
2	94	3
2	95	4
2	105	4
2	106	4
2	107	4
2	108	4
2	109	4
2	111	4
2	112	4
2	121	4
2	122	4
2	123	5
2	124	5
2	126	5
2	127	5
2	128	5
2	137	5
2	138	5
2	139	5
2	141	5
2	142	5
2	143	6
2	144	6
2	153	6
2	154	6
2	156	6
2	157	6
2	158	6
2	159	6
2	160	6
2	162	6
2	163	7
2	164	7
2	173	7
2	174	7
2	175	7
2	177	7
2	178	7
2	179	7
2	188	7
2	190	7
2	191	8
2	192	8
2	193	8
2	194	8
2	195	8
2	205	8
2	206	8
2	207	8
2	208	8
2	209	8
2	210	9
2	212	9
2	221	9
2	222	9
2	223	9
2	225	9
2	226	9
2	227	9
2	228	9
2	237	9
2	239	10
2	240	10
2	241	10
2	242	10
2	243	10
2	252	10
2	254	10
2	255	10
2	256	10
2	257	10
2	258	11
2	259	11
2	269	11
2	270	11
2	271	11
2	272	11
2	273	11
2	274	11
2	276	11
2	285	11
2	286	12
2	287	12
2	288	12
2	290	12
2	291	12
2	292	12
2	301	12
2	303	12
2	304	12
2	305	12
2	306	13
2	307	13
2	316	13
2	318	13
2	319	13
2	320	13
2	321	13
2	322	13
2	324	13
2	333	13
2	334	14
2	335	14
2	336	14
2	337	14
2	339	14
2	340	14
2	349	14
2	350	14
2	351	14
2	352	14
2	354	15
2	355	15
2	356	15
2	365	15
2	366	15
2	367	15
2	369	15
2	370	15
2	371	15
2	380	15
2	381	16
2	383	16
2	384	16
2	385	16
2	386	16
2	387	16
2	396	16
2	398	16
2	399	16
2	400	16
2	401	17
2	402	17
2	403	17
2	413	17
2	414	17
2	415	17
2	416	17
2	417	17
2	419	17
2	420	17
2	429	18
2	430	18
2	431	18
2	432	18
2	434	18
2	435	18
2	436	18
2	445	18
2	446	18
2	448	18
2	449	19
2	450	19
2	451	19
2	460	19
2	462	19
2	463	19
2	464	19
2	465	19
2	466	19
2	468	19
2	477	20
2	478	20
2	479	20
2	480	20
2	481	20
2	483	20
2	484	20
2	493	20
2	494	20
2	495	20
2	497	21
2	498	21
2	499	21
2	500	21
2	509	21
2	510	21
2	512	21
2	517	21
2	518	21
2	519	21
2	520	22
2	522	22
2	523	22
2	524	22
2	533	22
2	534	22
2	536	22
2	537	22
2	538	22
2	539	22
2	548	23
2	550	23
2	551	23
2	552	23
2	553	23
2	554	23
2	556	23
2	565	23
2	566	23
2	567	23
2	568	24
2	570	24
2	571	24
2	572	24
2	581	24
2	582	24
2	583	24
2	585	24
2	586	24
2	587	24
2	588	25
2	597	25
2	598	25
2	600	25
2	601	25
2	602	25
2	603	25
2	612	25
2	613	25
2	615	25
2	616	26
2	617	26
2	618	26
2	619	26
2	629	26
2	630	26
2	631	26
2	632	26
2	633	26
2	635	26
2	636	27
2	645	27
2	646	27
2	647	27
2	648	27
2	650	27
2	651	27
2	652	27
2	661	27
2	662	27
2	663	28
2	665	28
2	666	28
2	667	28
2	668	28
2	677	28
2	678	28
2	679	28
2	681	28
2	682	28
2	683	29
2	684	29
2	693	29
2	695	29
2	696	29
2	697	29
2	698	29
2	699	29
2	708	29
2	710	29
2	711	30
2	712	30
2	713	30
2	714	30
2	715	30
2	725	30
2	726	30
2	727	30
2	728	30
2	729	30
2	731	31
2	732	31
2	741	31
2	742	31
2	743	31
2	744	31
2	746	31
2	747	31
2	748	31
2	757	31
2	758	32
2	759	32
2	761	32
2	762	32
2	763	32
2	764	32
2	773	32
2	774	32
2	776	32
2	777	32
2	778	33
2	779	33
2	788	33
2	790	33
2	791	33
2	792	33
2	793	33
2	794	33
2	795	33
2	805	33
2	806	34
2	807	34
2	808	34
2	809	34
2	810	34
2	812	34
2	821	34
2	822	34
2	823	34
2	824	34
2	825	35
2	827	35
2	828	35
2	837	35
2	838	35
2	839	35
2	841	35
2	842	35
2	843	35
2	844	35
2	853	36
2	854	36
2	856	36
2	857	36
2	858	36
2	859	36
2	868	36
2	870	36
2	871	36
2	872	36
2	873	37
2	874	37
2	876	37
2	885	37
2	886	37
2	887	37
2	888	37
2	890	37
2	891	37
2	892	37
2	901	38
2	903	38
2	904	38
2	905	38
2	906	38
2	907	38
2	917	38
2	918	38
2	919	38
2	920	38
2	921	39
2	923	39
2	924	39
2	925	39
2	926	39
2	927	39
2	937	39
2	938	39
2	939	39
2	940	39
2	942	40
2	943	40
2	944	40
2	953	40
2	954	40
2	955	40
2	957	40
2	958	40
2	959	40
2	968	40
2	970	41
2	971	41
2	972	41
2	973	41
2	974	41
2	975	41
2	985	41
2	986	41
2	987	41
2	988	41
2	990	42
2	991	42
2	992	42
2	1001	42
2	1002	42
2	1004	42
2	1005	42
2	1006	42
2	1007	42
2	1008	42
2	1017	43
2	1019	43
2	1020	43
2	1021	43
2	1022	43
2	1023	43
2	1032	43
2	1034	43
2	1035	43
2	1036	43
2	1037	44
2	1038	44
2	1039	44
2	1049	44
2	1050	44
2	1051	44
2	1052	44
2	1054	44
2	1055	44
2	1056	44
2	1065	45
2	1067	45
2	1068	45
2	1069	45
2	1070	45
2	1071	45
2	1081	45
2	1082	45
2	1083	45
2	1084	45
2	1085	46
2	1087	46
2	1088	46
2	1097	46
2	1098	46
2	1100	46
2	1101	46
2	1102	46
2	1103	46
2	1112	46
2	1114	47
2	1115	47
2	1117	47
2	1118	47
2	1120	47
2	1133	47
2	1134	47
2	1135	47
2	1136	47
2	1138	47
2	1139	48
2	1140	48
2	1149	48
2	1150	48
2	1151	48
2	1153	48
2	1154	48
2	1155	48
2	1156	48
2	1165	48
2	1166	49
2	1168	49
2	1169	49
2	1170	49
2	1171	49
2	1180	49
2	1182	49
2	1183	49
2	1184	49
2	1185	49
2	1187	50
2	1188	50
2	1197	50
2	1199	50
2	1200	50
2	1201	50
2	1202	50
2	1203	50
2	1213	50
2	1214	50
2	1215	51
2	1216	51
2	1217	51
2	1219	51
2	1220	51
2	1229	51
2	1230	51
2	1231	51
2	1233	51
2	1234	51
2	1235	52
2	1244	52
2	1245	52
2	1247	52
2	1248	52
2	1249	52
2	1250	52
2	1251	52
2	1261	52
2	1262	52
2	1263	53
2	1264	53
2	1266	53
2	1267	53
2	1268	53
2	1277	53
2	1278	53
2	1279	53
2	1281	53
2	1282	53
2	1283	54
2	1284	54
2	1293	54
2	1294	54
2	1296	54
2	1297	54
2	1298	54
2	1299	54
2	1308	54
2	1310	54
2	1311	55
2	1312	55
2	1313	55
2	1314	55
2	1315	55
2	1325	55
2	1326	55
2	1327	55
2	1328	55
2	1330	55
2	1331	56
2	1332	56
2	1333	56
2	1334	56
2	1335	56
2	1345	56
2	1346	56
2	1347	56
2	1348	56
2	1349	56
2	1351	57
2	1352	57
2	1361	57
2	1362	57
2	1363	57
2	1365	57
2	1366	57
2	1367	57
2	1376	57
2	1377	57
2	1379	58
2	1380	58
2	1381	58
2	1382	58
2	1383	58
2	1392	58
2	1394	58
2	1395	58
2	1396	58
2	1397	58
2	1398	59
2	1400	59
2	1413	59
2	1414	59
2	1415	59
2	1416	59
2	1418	59
2	1419	59
2	1420	59
2	1429	59
2	1431	60
2	1432	60
2	1433	60
2	1434	60
2	1435	60
2	1445	60
2	1446	60
2	1447	60
2	1448	60
2	1450	60
2	1451	61
2	1452	61
2	1461	61
2	1463	61
2	1464	61
2	1465	61
2	1466	61
2	1467	61
2	1477	61
2	1478	61
2	1479	62
2	1480	62
2	1481	62
2	1483	62
2	1484	62
2	1493	62
2	1494	62
2	1495	62
2	1497	62
2	1498	62
2	1499	63
2	1500	63
2	1509	63
2	1511	63
2	1512	63
2	1513	63
2	1514	63
2	1515	63
2	1525	63
2	1526	63
2	1527	64
2	1528	64
2	1529	64
2	1530	64
2	1532	64
2	1541	64
2	1542	64
2	1543	64
2	1545	64
2	1546	64
2	1547	65
2	1556	65
2	1558	65
2	1559	65
2	1560	65
2	1561	65
2	1562	65
2	1564	65
2	1573	65
2	1574	65
2	1575	66
2	1576	66
2	1578	66
2	1579	66
2	1580	66
2	1589	66
2	1590	66
2	1592	66
2	1593	66
2	1594	66
2	1595	67
2	1604	67
2	1606	67
2	1607	67
2	1608	67
2	1609	67
2	1611	67
2	1612	67
2	1621	67
2	1622	67
2	1623	68
2	1624	68
2	1626	68
2	1627	68
2	1628	68
2	1637	68
2	1638	68
2	1639	68
2	1641	68
2	1642	68
2	1643	69
2	1644	69
2	1653	69
2	1655	69
2	1656	69
2	1657	69
2	1658	69
2	1659	69
2	1669	69
2	1670	69
2	1671	70
2	1672	70
2	1673	70
2	1674	70
2	1676	70
2	1685	70
2	1686	70
2	1687	70
2	1689	70
2	1690	70
2	1691	71
2	1692	71
2	1702	71
2	1703	71
2	1704	71
2	1706	71
2	1707	71
2	1716	71
2	1718	71
2	1719	71
2	1720	72
2	1721	72
2	1722	72
2	1724	72
2	1733	72
2	1734	72
2	1735	72
2	1737	72
2	1738	72
2	1739	72
2	1741	73
2	1742	73
2	1744	73
2	1753	73
2	1754	73
2	1756	73
2	1758	73
2	1760	73
2	1769	73
2	1770	73
2	1772	74
2	1773	74
2	1775	74
2	1776	74
2	1785	74
2	1787	74
2	1788	74
2	1789	74
2	1791	74
2	1792	74
2	1801	75
2	1802	75
2	1804	75
2	1805	75
2	1806	75
2	1807	75
2	1817	75
2	1818	75
2	1819	75
2	1820	75
2	1822	76
2	1823	76
2	1824	76
2	1837	76
2	1838	76
2	1841	76
2	1842	76
2	1843	76
2	1844	76
2	1853	76
2	1854	77
2	1856	77
2	1857	77
2	1858	77
2	1859	77
2	1869	77
2	1870	77
2	1871	77
2	1872	77
2	1874	77
2	1875	78
2	1876	78
2	1885	78
2	1886	78
2	1888	78
2	1889	78
2	1890	78
2	1891	78
2	1901	78
2	1902	78
2	1903	79
2	1904	79
2	1905	79
2	1907	79
2	1908	79
2	1917	79
2	1918	79
2	1919	79
2	1921	79
2	1922	79
2	1923	80
2	1924	80
2	1933	80
2	1935	80
2	1936	80
2	1937	80
2	1938	80
2	1939	80
2	1948	80
2	1950	80
2	1951	81
2	1952	81
2	1953	81
2	1954	81
2	1955	81
2	1965	81
2	1966	81
2	1967	81
2	1968	81
2	1970	81
2	1971	82
2	1972	82
2	1981	82
2	1983	82
2	1984	82
2	1985	82
2	1986	82
2	1988	82
2	1997	82
2	1998	82
2	1999	83
2	2000	83
2	2001	83
2	2003	83
2	2004	83
2	2013	83
2	2014	83
2	2015	83
2	2017	83
2	2018	83
2	2019	84
2	2020	84
2	2029	84
2	2031	84
2	2032	84
2	2033	84
2	2034	84
2	2035	84
2	2045	84
2	2046	84
2	2047	85
2	2048	85
2	2049	85
2	2051	85
2	2061	85
2	2062	85
2	2063	85
2	2064	85
2	2066	85
2	2067	85
2	2068	86
2	2077	86
2	2078	86
2	2080	86
2	2081	86
2	2082	86
2	2083	86
2	2092	86
2	2094	86
2	2095	86
2	2096	87
2	2097	87
2	2098	87
2	2099	87
2	2109	87
2	2110	87
2	2111	87
2	2112	87
2	2113	87
2	2114	87
2	2116	88
2	2125	88
2	2126	88
2	2127	88
2	2128	88
2	2130	88
2	2131	88
2	2132	88
2	2141	88
2	2142	88
2	2143	89
2	2145	89
2	2146	89
2	2147	89
2	2148	89
2	2149	89
2	2150	89
2	2152	89
2	2161	89
2	2162	89
2	2163	90
2	2165	90
2	2166	90
2	2167	90
2	2176	90
2	2178	90
2	2179	90
2	2180	90
2	2181	90
2	2182	90
2	2184	91
2	2193	91
2	2194	91
2	2195	91
2	2196	91
2	2198	91
2	2199	91
2	2200	91
2	2209	91
2	2210	91
2	2212	92
2	2213	92
2	2214	92
2	2215	92
2	2224	92
2	2226	92
2	2227	92
2	2228	92
2	2229	92
2	2230	92
2	2232	93
2	2241	93
2	2242	93
2	2243	93
2	2245	93
2	2246	93
2	2247	93
2	2248	93
2	2257	93
2	2258	93
2	2260	94
2	2261	94
2	2262	94
2	2263	94
2	2272	94
2	2273	94
2	2275	94
2	2276	94
2	2277	94
2	2278	94
2	2279	95
2	2289	95
2	2290	95
2	2291	95
2	2292	95
2	2293	95
2	2294	95
2	2296	95
2	2305	95
2	2306	95
2	2307	96
2	2308	96
2	2309	96
2	2311	96
2	2312	96
2	2321	96
2	2322	96
2	2323	96
2	2324	96
2	2326	96
2	2327	97
2	2328	97
2	2337	97
2	2338	97
2	2339	97
2	2349	97
2	2350	97
2	2351	97
2	2352	97
2	2353	97
2	2355	98
2	2356	98
2	2365	98
2	2366	98
2	2367	98
2	2369	98
2	2370	98
2	2371	98
2	2372	98
2	2381	98
2	2382	99
2	2384	99
2	2385	99
2	2386	99
2	2387	99
2	2397	99
2	2398	99
2	2399	99
2	2400	99
2	2402	99
2	2403	100
3	9	0
3	11	0
3	12	0
3	13	0
3	14	0
3	15	0
3	25	0
3	26	0
3	27	0
3	28	1
3	29	1
3	31	1
3	32	1
3	41	1
3	42	1
3	43	1
3	53	1
3	54	1
3	55	1
3	56	2
3	57	2
3	58	2
3	60	2
3	69	2
3	70	2
3	71	2
3	72	2
3	73	2
3	75	2
3	76	3
3	85	3
3	86	3
3	87	3
3	89	3
3	90	3
3	91	3
3	92	3
3	101	3
3	102	3
3	104	4
3	105	4
3	106	4
3	107	4
3	116	4
3	117	4
3	119	4
3	120	4
3	121	4
3	122	4
3	123	5
3	132	5
3	134	5
3	135	5
3	136	5
3	137	5
3	138	5
3	139	5
3	141	5
3	142	5
3	143	6
3	144	6
3	153	6
3	155	6
3	156	6
3	157	6
3	158	6
3	159	6
3	168	6
3	170	6
3	171	7
3	172	7
3	173	7
3	174	7
3	175	7
3	185	7
3	186	7
3	187	7
3	188	7
3	189	7
3	191	8
3	192	8
3	201	8
3	202	8
3	203	8
3	205	8
3	206	8
3	207	8
3	208	8
3	217	8
3	218	9
3	220	9
3	221	9
3	222	9
3	223	9
3	232	9
3	233	9
3	235	9
3	236	9
3	237	9
3	238	10
3	239	10
3	248	10
3	250	10
3	251	10
3	252	10
3	253	10
3	254	10
3	256	10
3	265	10
3	266	11
3	267	11
3	268	11
3	269	11
3	271	11
3	272	11
3	281	11
3	282	11
3	283	11
3	284	11
3	286	12
3	287	12
3	288	12
3	297	12
3	298	12
3	299	12
3	301	12
3	302	12
3	303	12
3	304	12
3	313	13
3	315	13
3	316	13
3	317	13
3	318	13
3	319	13
3	328	13
3	330	13
3	331	13
3	332	13
3	333	14
3	334	14
3	335	14
3	345	14
3	346	14
3	347	14
3	348	14
3	349	14
3	350	14
3	352	14
3	361	15
3	362	15
3	363	15
3	364	15
3	365	15
3	367	15
3	368	15
3	377	15
3	378	15
3	379	15
3	381	16
3	382	16
3	383	16
3	384	16
3	393	16
3	394	16
3	395	16
3	397	16
3	398	16
3	399	16
3	400	17
3	409	17
3	411	17
3	412	17
3	413	17
3	414	17
3	415	17
3	424	17
3	426	17
3	427	17
3	428	18
3	429	18
3	430	18
3	431	18
3	441	18
3	442	18
3	443	18
3	444	18
3	445	18
3	446	18
3	448	19
3	457	19
3	458	19
3	459	19
3	461	19
3	462	19
3	463	19
3	464	19
3	473	19
3	474	19
3	476	20
3	477	20
3	478	20
3	479	20
3	492	20
3	493	20
3	495	20
3	496	20
3	497	20
3	498	20
3	499	21
3	509	21
3	510	21
3	511	21
3	512	21
3	513	21
3	515	21
3	516	21
3	525	21
3	526	21
3	527	22
3	529	22
3	530	22
3	531	22
3	532	22
3	541	22
3	542	22
3	544	22
3	545	22
3	546	22
3	547	23
3	553	23
3	554	23
3	555	23
3	556	23
3	558	23
3	559	23
3	560	23
3	569	23
3	570	23
3	571	24
3	573	24
3	574	24
3	575	24
3	576	24
3	585	24
3	586	24
3	588	24
3	589	24
3	590	24
3	591	25
3	600	25
3	601	25
3	603	25
3	604	25
3	605	25
3	606	25
3	607	25
3	616	25
3	618	25
3	619	26
3	620	26
3	621	26
3	622	26
3	624	26
3	633	26
3	634	26
3	635	26
3	636	26
3	637	26
3	639	27
3	640	27
3	653	27
3	654	27
3	655	27
3	656	27
3	658	27
3	659	27
3	660	27
3	669	27
3	670	28
3	671	28
3	673	28
3	674	28
3	675	28
3	676	28
3	685	28
3	686	28
3	688	28
3	689	28
3	690	29
3	691	29
3	700	29
3	702	29
3	703	29
3	704	29
3	705	29
3	706	29
3	707	29
3	717	29
3	718	30
3	719	30
3	720	30
3	721	30
3	722	30
3	724	30
3	733	30
3	734	30
3	735	30
3	736	30
3	738	31
3	739	31
3	740	31
3	749	31
3	750	31
3	751	31
3	753	31
3	754	31
3	755	31
3	764	31
3	765	32
3	767	32
3	768	32
3	769	32
3	770	32
3	771	32
3	781	32
3	782	32
3	783	32
3	784	32
3	785	33
3	786	33
3	788	33
3	797	33
3	798	33
3	799	33
3	800	33
3	801	33
3	803	33
3	804	33
3	813	34
3	814	34
3	815	34
3	816	34
3	818	34
3	819	34
3	820	34
3	829	34
3	830	34
3	831	34
3	833	35
3	834	35
3	835	35
3	836	35
3	845	35
3	846	35
3	848	35
3	849	35
3	850	35
3	851	35
3	861	36
3	862	36
3	863	36
3	864	36
3	865	36
3	867	36
3	868	36
3	877	36
3	878	36
3	880	36
3	881	37
3	882	37
3	883	37
3	893	37
3	894	37
3	895	37
3	896	37
3	897	37
3	898	37
3	900	37
3	909	38
3	910	38
3	911	38
3	912	38
3	914	38
3	915	38
3	916	38
3	925	38
3	926	38
3	928	38
3	929	39
3	930	39
3	931	39
3	940	39
3	942	39
3	943	39
3	944	39
3	945	39
3	946	39
3	948	39
3	957	40
3	958	40
3	959	40
3	960	40
3	962	40
3	963	40
3	964	40
3	969	40
3	970	40
3	972	40
3	973	41
3	974	41
3	975	41
3	984	41
3	985	41
3	987	41
3	988	41
3	989	41
3	990	41
3	991	41
3	1000	42
3	1002	42
3	1003	42
3	1004	42
3	1005	42
3	1006	42
3	1007	42
3	1017	42
3	1018	42
3	1019	42
3	1020	43
3	1021	43
3	1022	43
3	1024	43
3	1033	43
3	1034	43
3	1035	43
3	1036	43
3	1037	43
3	1039	43
3	1040	44
3	1049	44
3	1050	44
3	1051	44
3	1053	44
3	1054	44
3	1055	44
3	1065	44
3	1066	44
3	1068	44
3	1069	45
3	1070	45
3	1071	45
3	1080	45
3	1082	45
3	1083	45
3	1084	45
3	1085	45
3	1086	45
3	1088	45
3	1097	46
3	1098	46
3	1099	46
3	1101	46
3	1102	46
3	1103	46
3	1104	46
3	1114	46
3	1115	46
3	1116	46
3	1118	47
3	1119	47
3	1128	47
3	1130	47
3	1131	47
3	1132	47
3	1133	47
3	1134	47
3	1136	47
3	1145	47
3	1146	48
3	1148	48
3	1149	48
3	1150	48
3	1152	48
3	1165	48
3	1166	48
3	1167	48
3	1168	48
3	1170	48
3	1171	49
3	1172	49
3	1181	49
3	1183	49
3	1184	49
3	1185	49
3	1187	49
3	1188	49
3	1197	49
3	1198	49
3	1200	50
3	1201	50
3	1202	50
3	1203	50
3	1213	50
3	1214	50
3	1215	50
3	1216	50
3	1217	50
3	1219	50
3	1220	51
3	1229	51
3	1230	51
3	1231	51
3	1233	51
3	1234	51
3	1235	51
3	1244	51
3	1245	51
3	1247	51
3	1248	52
3	1249	52
3	1250	52
3	1251	52
3	1261	52
3	1262	52
3	1263	52
3	1264	52
3	1266	52
3	1267	52
3	1268	53
3	1277	53
3	1278	53
3	1280	53
3	1281	53
3	1282	53
3	1283	53
3	1284	53
3	1293	53
3	1295	53
3	1296	54
3	1297	54
3	1298	54
3	1299	54
3	1309	54
3	1310	54
3	1311	54
3	1312	54
3	1313	54
3	1314	54
3	1316	55
3	1325	55
3	1326	55
3	1327	55
3	1328	55
3	1330	55
3	1331	55
3	1332	55
3	1341	55
3	1343	55
3	1344	56
3	1345	56
3	1346	56
3	1347	56
3	1357	56
3	1358	56
3	1359	56
3	1360	56
3	1361	56
3	1363	56
3	1364	57
3	1373	57
3	1374	57
3	1375	57
3	1376	57
3	1378	57
3	1379	57
3	1380	57
3	1389	57
3	1390	57
3	1392	58
3	1393	58
3	1395	58
3	1396	58
3	1405	58
3	1406	58
3	1407	58
3	1409	58
3	1410	58
3	1411	58
3	1412	59
3	1421	59
3	1423	59
3	1424	59
3	1425	59
3	1426	59
3	1427	59
3	1437	59
3	1438	59
3	1439	59
3	1441	60
3	1442	60
3	1443	60
3	1444	60
3	1453	60
3	1455	60
3	1456	60
3	1457	60
3	1458	60
3	1460	60
3	1469	61
3	1470	61
3	1471	61
3	1473	61
3	1474	61
3	1475	61
3	1476	61
3	1485	61
3	1487	61
3	1488	61
3	1489	62
3	1491	62
3	1492	62
3	1501	62
3	1502	62
3	1504	62
3	1505	62
3	1506	62
3	1507	62
3	1516	62
3	1518	63
3	1519	63
3	1520	63
3	1521	63
3	1522	63
3	1523	63
3	1533	63
3	1534	63
3	1535	63
3	1536	63
3	1538	64
3	1539	64
3	1548	64
3	1549	64
3	1551	64
3	1552	64
3	1553	64
3	1554	64
3	1555	64
3	1565	64
3	1566	65
3	1567	65
3	1568	65
3	1569	65
3	1571	65
3	1572	65
3	1581	65
3	1582	65
3	1583	65
3	1585	65
3	1586	66
3	1587	66
3	1588	66
3	1597	66
3	1599	66
3	1600	66
3	1601	66
3	1602	66
3	1603	66
3	1613	66
3	1614	67
3	1615	67
3	1616	67
3	1617	67
3	1618	67
3	1620	67
3	1629	67
3	1630	67
3	1631	67
3	1632	67
3	1633	68
3	1635	68
3	1636	68
3	1642	68
3	1643	68
3	1645	68
3	1646	68
3	1647	68
3	1648	68
3	1650	68
3	1651	69
3	1661	69
3	1662	69
3	1663	69
3	1664	69
3	1665	69
3	1667	69
3	1668	69
3	1677	69
3	1678	69
3	1680	70
3	1681	70
3	1682	70
3	1683	70
3	1693	70
3	1694	70
3	1695	70
3	1696	70
3	1698	70
3	1699	70
3	1700	71
3	1709	71
3	1710	71
3	1712	71
3	1713	71
3	1715	71
3	1716	71
3	1726	71
3	1727	71
3	1729	71
3	1731	72
3	1740	72
3	1742	72
3	1743	72
3	1744	72
3	1746	72
3	1747	72
3	1756	72
3	1759	72
3	1760	72
3	1762	73
3	1763	73
3	1773	73
3	1774	73
3	1776	73
3	1777	73
3	1778	73
3	1780	73
3	1789	73
3	1790	73
3	1792	74
3	1793	74
3	1794	74
3	1796	74
3	1805	74
3	1806	74
3	1807	74
3	1808	74
3	1809	74
3	1811	74
3	1812	75
3	1822	75
3	1823	75
3	1824	75
3	1825	75
3	1827	75
3	1828	75
3	1837	75
3	1838	75
3	1840	75
3	1841	76
3	1849	76
3	1850	76
3	1851	76
3	1853	76
3	1854	76
3	1855	76
3	1864	76
3	1866	76
3	1867	76
3	1868	77
3	1869	77
3	1870	77
3	1872	77
3	1881	77
3	1882	77
3	1883	77
3	1885	77
3	1886	77
3	1887	77
3	1888	78
3	1897	78
3	1898	78
3	1900	78
3	1901	78
3	1902	78
3	1903	78
3	1912	78
3	1914	78
3	1915	78
3	1916	79
3	1917	79
3	1918	79
3	1919	79
3	1929	79
3	1930	79
3	1931	79
3	1932	79
3	1933	79
3	1935	79
3	1936	80
3	1945	80
3	1946	80
3	1947	80
3	1948	80
3	1950	80
3	1951	80
3	1952	80
3	1961	80
3	1962	80
3	1964	81
3	1965	81
3	1966	81
3	1967	81
3	1976	81
3	1978	81
3	1979	81
3	1980	81
3	1981	81
3	1982	81
3	1984	82
3	1993	82
3	1994	82
3	1995	82
3	1996	82
3	1998	82
3	1999	82
3	2000	82
3	2009	82
3	2010	82
3	2011	83
3	2013	83
3	2014	83
3	2015	83
3	2024	83
3	2026	83
3	2027	83
3	2028	83
3	2029	83
3	2030	83
3	2032	84
3	2041	84
3	2042	84
3	2043	84
3	2045	84
3	2046	84
3	2057	84
3	2058	84
3	2059	84
3	2060	84
3	2062	85
3	2063	85
3	2064	85
3	2073	85
3	2074	85
3	2076	85
3	2077	85
3	2078	85
3	2079	85
3	2084	85
3	2086	86
3	2087	86
3	2088	86
3	2089	86
3	2090	86
3	2092	86
3	2101	86
3	2102	86
3	2103	86
3	2104	86
3	2106	87
3	2107	87
3	2108	87
3	2117	87
3	2118	87
3	2119	87
3	2121	87
3	2122	87
3	2123	87
3	2124	87
3	2133	88
3	2134	88
3	2136	88
3	2137	88
3	2138	88
3	2139	88
3	2148	88
3	2150	88
3	2151	88
3	2152	88
3	2153	89
3	2154	89
3	2155	89
3	2165	89
3	2166	89
3	2167	89
3	2168	89
3	2170	89
3	2171	89
3	2172	89
3	2181	90
3	2182	90
3	2184	90
3	2185	90
3	2186	90
3	2187	90
3	2188	90
3	2197	90
3	2199	90
3	2200	90
3	2201	91
3	2202	91
3	2203	91
3	2213	91
3	2214	91
3	2215	91
3	2216	91
3	2217	91
3	2219	91
3	2220	91
3	2229	92
3	2230	92
3	2231	92
3	2233	92
3	2234	92
3	2235	92
3	2236	92
3	2245	92
3	2247	92
3	2248	92
3	2249	93
3	2250	93
3	2251	93
3	2260	93
3	2262	93
3	2263	93
3	2264	93
3	2265	93
3	2266	93
3	2267	93
3	2277	94
3	2278	94
3	2279	94
3	2280	94
3	2281	94
3	2282	94
3	2284	94
3	2293	94
3	2294	94
3	2295	94
3	2296	95
3	2297	95
3	2299	95
3	2300	95
3	2309	95
3	2310	95
3	2311	95
3	2313	95
3	2314	95
3	2315	95
3	2316	96
3	2325	96
3	2327	96
3	2328	96
3	2329	96
3	2330	96
3	2331	96
3	2340	96
3	2342	96
3	2343	96
3	2344	97
3	2345	97
3	2346	97
3	2347	97
3	2357	97
3	2358	97
3	2359	97
3	2360	97
3	2361	97
3	2362	97
3	2364	98
3	2373	98
3	2374	98
3	2375	98
3	2376	98
3	2377	98
3	2379	98
3	2380	98
3	2389	98
3	2390	98
3	2391	99
3	2393	99
3	2394	99
3	2395	99
3	2396	99
3	2398	99
3	2399	99
3	2401	99
3	2402	99
3	2403	99
3	2404	100
1	1	0
1	3	0
1	4	0
1	5	0
1	6	0
1	7	0
1	16	0
1	18	0
1	19	0
1	20	1
1	21	1
1	22	1
1	23	1
1	33	1
1	34	1
1	35	1
1	36	1
1	37	1
1	39	1
1	40	2
1	49	2
1	50	2
1	51	2
1	53	2
1	54	2
1	55	2
1	56	2
1	65	2
1	66	2
1	68	3
1	69	3
1	70	3
1	71	3
1	72	3
1	81	3
1	83	3
1	84	3
1	85	3
1	86	3
1	87	4
1	96	4
1	98	4
1	99	4
1	100	4
1	101	4
1	102	4
1	104	4
1	113	4
1	114	4
1	115	5
1	116	5
1	117	5
1	119	5
1	120	5
1	129	5
1	130	5
1	131	5
1	133	5
1	134	5
1	135	6
1	136	6
1	145	6
1	146	6
1	148	6
1	149	6
1	150	6
1	151	6
1	164	6
1	166	6
1	167	7
1	168	7
1	169	7
1	170	7
1	172	7
1	181	7
1	182	7
1	183	7
1	184	7
1	186	7
1	187	8
1	188	8
1	197	8
1	198	8
1	200	8
1	201	8
1	202	8
1	203	8
1	212	8
1	214	8
1	215	9
1	216	9
1	217	9
1	218	9
1	220	9
1	229	9
1	230	9
1	231	9
1	232	9
1	234	9
1	235	10
1	236	10
1	245	10
1	246	10
1	247	10
1	249	10
1	250	10
1	251	10
1	252	10
1	261	10
1	262	11
1	264	11
1	265	11
1	266	11
1	267	11
1	276	11
1	277	11
1	279	11
1	280	11
1	281	11
1	282	12
1	283	12
1	292	12
1	294	12
1	295	12
1	296	12
1	297	12
1	298	12
1	299	12
1	309	12
1	310	13
1	311	13
1	312	13
1	313	13
1	315	13
1	316	13
1	325	13
1	326	13
1	327	13
1	328	13
1	330	14
1	331	14
1	332	14
1	341	14
1	342	14
1	344	14
1	345	14
1	346	14
1	347	14
1	356	14
1	357	15
1	359	15
1	360	15
1	361	15
1	362	15
1	363	15
1	372	15
1	374	15
1	375	15
1	376	15
1	377	16
1	378	16
1	379	16
1	389	16
1	390	16
1	391	16
1	392	16
1	393	16
1	395	16
1	396	16
1	405	17
1	406	17
1	407	17
1	408	17
1	410	17
1	411	17
1	412	17
1	421	17
1	422	17
1	423	17
1	425	18
1	426	18
1	427	18
1	428	18
1	437	18
1	439	18
1	440	18
1	441	18
1	442	18
1	443	18
1	452	19
1	454	19
1	455	19
1	456	19
1	457	19
1	458	19
1	460	19
1	469	19
1	470	19
1	471	19
1	472	20
1	473	20
1	475	20
1	476	20
1	485	20
1	486	20
1	487	20
1	489	20
1	490	20
1	491	20
1	492	21
1	501	21
1	502	21
1	504	21
1	505	21
1	506	21
1	507	21
1	512	21
1	513	21
1	515	21
1	516	22
1	525	22
1	526	22
1	527	22
1	529	22
1	530	22
1	531	22
1	532	22
1	541	22
1	542	22
1	544	23
1	545	23
1	546	23
1	547	23
1	557	23
1	558	23
1	559	23
1	560	23
1	562	23
1	563	23
1	564	24
1	573	24
1	574	24
1	575	24
1	577	24
1	578	24
1	579	24
1	580	24
1	589	24
1	590	24
1	592	25
1	593	25
1	594	25
1	595	25
1	604	25
1	605	25
1	607	25
1	608	25
1	609	25
1	610	25
1	611	26
1	621	26
1	622	26
1	623	26
1	624	26
1	625	26
1	627	26
1	628	26
1	637	26
1	638	26
1	639	27
1	640	27
1	642	27
1	643	27
1	644	27
1	653	27
1	654	27
1	656	27
1	657	27
1	658	27
1	659	28
1	660	28
1	669	28
1	671	28
1	672	28
1	673	28
1	674	28
1	675	28
1	684	28
1	686	28
1	687	29
1	688	29
1	689	29
1	690	29
1	691	29
1	701	29
1	702	29
1	703	29
1	704	29
1	705	29
1	707	30
1	708	30
1	717	30
1	718	30
1	719	30
1	720	30
1	722	30
1	723	30
1	724	30
1	733	30
1	734	31
1	736	31
1	737	31
1	738	31
1	739	31
1	748	31
1	749	31
1	751	31
1	752	31
1	753	31
1	754	32
1	755	32
1	765	32
1	766	32
1	767	32
1	768	32
1	770	32
1	771	32
1	772	32
1	781	32
1	782	33
1	784	33
1	785	33
1	786	33
1	787	33
1	788	33
1	797	33
1	799	33
1	800	33
1	801	33
1	802	34
1	803	34
1	812	34
1	814	34
1	815	34
1	816	34
1	817	34
1	818	34
1	819	34
1	829	34
1	830	35
1	831	35
1	832	35
1	833	35
1	834	35
1	836	35
1	845	35
1	846	35
1	847	35
1	848	35
1	850	36
1	851	36
1	852	36
1	861	36
1	862	36
1	864	36
1	865	36
1	866	36
1	867	36
1	876	36
1	878	37
1	879	37
1	880	37
1	881	37
1	883	37
1	884	37
1	893	37
1	894	37
1	896	37
1	897	37
1	898	38
1	899	38
1	908	38
1	910	38
1	911	38
1	912	38
1	913	38
1	914	38
1	915	38
1	929	38
1	930	39
1	931	39
1	932	39
1	933	39
1	935	39
1	936	39
1	945	39
1	946	39
1	948	39
1	949	39
1	950	40
1	951	40
1	960	40
1	961	40
1	963	40
1	964	40
1	965	40
1	967	40
1	968	40
1	977	40
1	978	41
1	979	41
1	980	41
1	982	41
1	983	41
1	984	41
1	993	41
1	994	41
1	996	41
1	997	41
1	998	42
1	999	42
1	1008	42
1	1009	42
1	1011	42
1	1012	42
1	1013	42
1	1014	42
1	1015	42
1	1025	42
1	1026	43
1	1027	43
1	1028	43
1	1029	43
1	1030	43
1	1032	43
1	1041	43
1	1042	43
1	1043	43
1	1045	43
1	1046	44
1	1047	44
1	1056	44
1	1058	44
1	1059	44
1	1060	44
1	1061	44
1	1063	44
1	1064	44
1	1073	44
1	1074	45
1	1075	45
1	1077	45
1	1078	45
1	1079	45
1	1088	45
1	1089	45
1	1091	45
1	1092	45
1	1093	45
1	1094	46
1	1096	46
1	1105	46
1	1106	46
1	1107	46
1	1108	46
1	1110	46
1	1111	46
1	1120	46
1	1122	46
1	1123	47
1	1124	47
1	1125	47
1	1126	47
1	1128	47
1	1129	47
1	1130	47
1	1132	47
1	1141	47
1	1142	47
1	1143	48
1	1145	48
1	1146	48
1	1147	48
1	1156	48
1	1158	48
1	1159	48
1	1160	48
1	1161	48
1	1162	48
1	1163	49
1	1173	49
1	1174	49
1	1175	49
1	1176	49
1	1178	49
1	1179	49
1	1180	49
1	1189	49
1	1190	49
1	1192	50
1	1193	50
1	1194	50
1	1195	50
1	1205	50
1	1206	50
1	1207	50
1	1208	50
1	1209	50
1	1211	50
1	1212	51
1	1221	51
1	1222	51
1	1223	51
1	1224	51
1	1226	51
1	1227	51
1	1228	51
1	1237	51
1	1238	51
1	1239	52
1	1241	52
1	1242	52
1	1243	52
1	1244	52
1	1253	52
1	1255	52
1	1256	52
1	1257	52
1	1258	52
1	1259	53
1	1269	53
1	1270	53
1	1271	53
1	1272	53
1	1273	53
1	1275	53
1	1276	53
1	1285	53
1	1286	53
1	1287	54
1	1289	54
1	1290	54
1	1291	54
1	1292	54
1	1301	54
1	1302	54
1	1304	54
1	1305	54
1	1306	54
1	1307	55
1	1316	55
1	1317	55
1	1319	55
1	1320	55
1	1321	55
1	1323	55
1	1324	55
1	1337	55
1	1338	55
1	1340	56
1	1341	56
1	1342	56
1	1343	56
1	1353	56
1	1354	56
1	1355	56
1	1356	56
1	1358	56
1	1359	56
1	1360	57
1	1369	57
1	1370	57
1	1372	57
1	1373	57
1	1374	57
1	1375	57
1	1384	57
1	1385	57
1	1387	57
1	1388	58
1	1389	58
1	1390	58
1	1391	58
1	1401	58
1	1402	58
1	1403	58
1	1404	58
1	1405	58
1	1407	58
1	1408	59
1	1409	59
1	1410	59
1	1411	59
1	1421	59
1	1422	59
1	1423	59
1	1424	59
1	1426	59
1	1427	59
1	1428	60
1	1437	60
1	1438	60
1	1440	60
1	1441	60
1	1442	60
1	1443	60
1	1453	60
1	1454	60
1	1455	60
1	1456	61
1	1458	61
1	1459	61
1	1460	61
1	1469	61
1	1471	61
1	1472	61
1	1473	61
1	1474	61
1	1476	61
1	1485	62
1	1486	62
1	1487	62
1	1489	62
1	1490	62
1	1491	62
1	1501	62
1	1502	62
1	1503	62
1	1504	62
1	1506	63
1	1507	63
1	1508	63
1	1517	63
1	1518	63
1	1520	63
1	1521	63
1	1522	63
1	1523	63
1	1533	63
1	1534	64
1	1535	64
1	1536	64
1	1538	64
1	1539	64
1	1540	64
1	1549	64
1	1551	64
1	1552	64
1	1553	64
1	1554	65
1	1555	65
1	1565	65
1	1566	65
1	1567	65
1	1568	65
1	1569	65
1	1570	65
1	1572	65
1	1581	65
1	1582	66
1	1583	66
1	1584	66
1	1586	66
1	1587	66
1	1588	66
1	1597	66
1	1598	66
1	1600	66
1	1601	66
1	1602	67
1	1603	67
1	1612	67
1	1614	67
1	1615	67
1	1616	67
1	1617	67
1	1618	67
1	1619	67
1	1629	67
1	1630	68
1	1631	68
1	1632	68
1	1633	68
1	1634	68
1	1636	68
1	1645	68
1	1646	68
1	1647	68
1	1648	68
1	1650	69
1	1651	69
1	1652	69
1	1661	69
1	1662	69
1	1664	69
1	1665	69
1	1666	69
1	1667	69
1	1677	69
1	1678	70
1	1679	70
1	1680	70
1	1682	70
1	1683	70
1	1692	70
1	1693	70
1	1695	70
1	1696	70
1	1697	70
1	1698	71
1	1700	71
1	1709	71
1	1710	71
1	1711	71
1	1713	71
1	1714	71
1	1716	71
1	1725	71
1	1727	71
1	1729	72
1	1731	72
1	1732	72
1	1745	72
1	1746	72
1	1748	72
1	1749	72
1	1750	72
1	1752	72
1	1761	72
1	1763	73
1	1765	73
1	1766	73
1	1767	73
1	1776	73
1	1778	73
1	1779	73
1	1780	73
1	1782	73
1	1783	73
1	1784	74
1	1793	74
1	1795	74
1	1796	74
1	1797	74
1	1798	74
1	1799	74
1	1808	74
1	1810	74
1	1811	74
1	1812	75
1	1813	75
1	1815	75
1	1816	75
1	1825	75
1	1827	75
1	1828	75
1	1829	75
1	1831	75
1	1832	75
1	1833	76
1	1834	76
1	1836	76
1	1845	76
1	1846	76
1	1847	76
1	1849	76
1	1850	76
1	1851	76
1	1860	76
1	1862	77
1	1863	77
1	1864	77
1	1865	77
1	1866	77
1	1868	77
1	1877	77
1	1878	77
1	1879	77
1	1881	77
1	1882	78
1	1883	78
1	1892	78
1	1894	78
1	1895	78
1	1896	78
1	1897	78
1	1898	78
1	1900	78
1	1909	78
1	1910	79
1	1911	79
1	1912	79
1	1914	79
1	1915	79
1	1916	79
1	1925	79
1	1926	79
1	1927	79
1	1929	79
1	1930	80
1	1931	80
1	1932	80
1	1941	80
1	1942	80
1	1944	80
1	1945	80
1	1946	80
1	1947	80
1	1956	80
1	1958	81
1	1959	81
1	1960	81
1	1961	81
1	1962	81
1	1964	81
1	1973	81
1	1974	81
1	1975	81
1	1976	81
1	1978	82
1	1979	82
1	1980	82
1	1989	82
1	1991	82
1	1992	82
1	1993	82
1	1994	82
1	1995	82
1	2005	82
1	2006	83
1	2007	83
1	2008	83
1	2009	83
1	2010	83
1	2012	83
1	2021	83
1	2022	83
1	2023	83
1	2025	83
1	2026	84
1	2027	84
1	2036	84
1	2038	84
1	2039	84
1	2041	84
1	2042	84
1	2043	84
1	2051	84
1	2052	84
1	2054	85
1	2055	85
1	2056	85
1	2057	85
1	2058	85
1	2059	85
1	2069	85
1	2070	85
1	2071	85
1	2072	85
1	2073	86
1	2074	86
1	2076	86
1	2085	86
1	2086	86
1	2087	86
1	2089	86
1	2090	86
1	2091	86
1	2100	86
1	2101	87
1	2103	87
1	2104	87
1	2105	87
1	2106	87
1	2107	87
1	2117	87
1	2118	87
1	2119	87
1	2120	87
1	2121	88
1	2122	88
1	2124	88
1	2133	88
1	2134	88
1	2135	88
1	2136	88
1	2138	88
1	2139	88
1	2140	88
1	2153	89
1	2154	89
1	2155	89
1	2157	89
1	2158	89
1	2159	89
1	2160	89
1	2169	89
1	2171	89
1	2172	89
1	2173	90
1	2174	90
1	2175	90
1	2184	90
1	2186	90
1	2187	90
1	2188	90
1	2189	90
1	2191	90
1	2192	90
1	2201	91
1	2202	91
1	2204	91
1	2205	91
1	2206	91
1	2207	91
1	2216	91
1	2218	91
1	2219	91
1	2220	91
1	2221	92
1	2222	92
1	2224	92
1	2233	92
1	2234	92
1	2235	92
1	2236	92
1	2238	92
1	2239	92
1	2248	92
1	2250	93
1	2251	93
1	2252	93
1	2253	93
1	2254	93
1	2256	93
1	2265	93
1	2266	93
1	2267	93
1	2268	93
1	2269	94
1	2271	94
1	2272	94
1	2281	94
1	2282	94
1	2283	94
1	2285	94
1	2286	94
1	2287	94
1	2288	94
1	2297	95
1	2298	95
1	2300	95
1	2301	95
1	2302	95
1	2303	95
1	2312	95
1	2314	95
1	2315	95
1	2316	95
1	2317	96
1	2318	96
1	2319	96
1	2329	96
1	2330	96
1	2331	96
1	2332	96
1	2333	96
1	2334	96
1	2336	96
1	2341	97
1	2342	97
1	2343	97
1	2344	97
1	2345	97
1	2347	97
1	2348	97
1	2357	97
1	2358	97
1	2359	97
1	2361	98
1	2362	98
1	2363	98
1	2364	98
1	2373	98
1	2374	98
1	2376	98
1	2377	98
1	2378	98
1	2379	98
1	2388	99
1	2390	99
1	2391	99
1	2392	99
1	2393	99
1	2395	99
1	2396	99
1	2404	99
1	2405	99
1	2406	99
1	2407	100
